2293.8046875
2935.88671875
2748.22265625
2718.140625
2915.3671875
2330.26171875
2928.41601562
3014.578125
2928.71484375
2847.03515625
2925.328125
2579.18554688
2542.23046875
2353.96875
2594.52539062
2841.05859375
2953.11914062
2696.02734375
2813.96484375
2391.8203125
2673.1171875
2630.78320312
2826.71484375
2875.5234375
3023.7421875
2954.71289062
2400.38671875
2788.16601562
2614.9453125
2718.33984375
2694.83203125
2327.2734375
2620.62304688
2604.1875
2821.93359375
2905.50585938
3050.63671875
3033.3046875
2679.69140625
2852.015625
2740.35351562
3079.921875
2682.97851562
2735.671875
2381.16210938
2637.2578125
2733.6796875
2361.04101562
2497.70507812
2815.25976562
2652.3984375
2498.50195312
3138.79101562
2762.56640625
2327.97070312
2868.94921875
2437.44140625
2301.97265625
2868.94921875
2703.0
2685.76757812
2559.86132812
2744.53710938
2876.3203125
2923.23632812
2545.11914062
3050.8359375
2876.22070312
2530.875
2534.26171875
2972.44335938
2806.39453125
2707.28320312
2468.22070312
3039.28125
3014.08007812
3092.17382812
2686.86328125
2635.46484375
2773.921875
2604.984375
2277.56835938
2827.51171875
2496.31054688
2764.16015625
3003.32226562
2511.55078125
2679.19335938
2644.23046875
2663.953125
2934.69140625
2720.73046875
2274.77929688
2477.8828125
2429.37304688
2685.0703125
2662.7578125
2801.91210938
2784.08203125
2423.89453125
2745.53320312
2623.41210938
2183.33789062
2771.9296875
3101.0390625
2769.24023438
2555.87695312
2805.3984375
2501.09179688
2719.43554688
2668.03710938
2342.11523438
2351.27929688
2549.30273438
2411.84179688
2378.17382812
2760.57421875
2547.11132812
2742.64453125
2536.0546875
2702.30273438
2844.34570312
2352.57421875
2457.5625
2484.05859375
2697.72070312
2440.23046875
2726.40820312
3083.5078125
2864.3671875
2417.41992188
2639.34960938
2614.64648438
2267.30859375
2587.55273438
2595.72070312
2932.8984375
2488.640625
2762.86523438
2886.48046875
2769.33984375
3083.5078125
2602.69335938
2334.84375
2826.81445312
2526.19335938
2560.7578125
2678.49609375
2301.87304688
2561.05664062
2612.45507812
2166.80273438
2637.12304688
2839.46484375
3024.33984375
2292.11132812
2545.31835938
2644.33007812
2599.10742188
2822.63085938
2575.59960938
2846.13867188
2400.38671875
2703.0
2857.1953125
2454.17578125
3008.40234375
2918.25585938
2669.73046875
2610.36328125
2667.63867188
2585.0625
2981.60742188
2696.02734375
3051.234375
2855.10351562
2570.91796875
2387.33789062
2638.0546875
2873.43164062
2861.08007812
2542.33007812
3128.1328125
2581.37695312
2607.67382812
2793.54492188
2787.46875
2601.0
2942.75976562
2683.27734375
2484.65625
2441.02734375
2438.13867188
2759.37890625
3032.60742188
2829.80273438
2508.76171875
2894.34960938
2636.859375
2806.59375
3001.33007812
2975.73046875
2809.28320312
2714.85351562
2874.92578125
2876.41992188
2721.02929688
2643.234375
2936.0859375
2684.07421875
2964.87304688
2932.40039062
2746.72851562
2280.2578125
2759.27929688
3114.38671875
2798.32617188
2575.59960938
2508.36328125
2935.58789062
2627.59570312
2533.86328125
2734.4765625
3119.46679688
2529.28125
2456.96484375
2871.5390625
2701.30664062
2550.59765625
