3947.51953125
2910.38671875
2492.02734375
2546.21484375
2915.56640625
4094.34375
3662.23828125
3442.20117188
2804.30273438
2711.26757812
2636.26171875
4558.5234375
4099.921875
2794.640625
2579.0859375
2374.38867188
2759.87695312
2560.7578125
2370.80273438
2425.18945312
2350.08398438
3596.296875
3838.34765625
3730.27148438
3685.44726562
3608.84765625
2646.0234375
2482.76367188
2635.06640625
2147.67773438
2523.60351562
3157.6171875
3213.0
2853.70898438
2748.72070312
3170.56640625
3710.34960938
3481.74609375
2187.12304688
2493.0234375
2847.43359375
4523.95898438
3967.93945312
4336.49414062
3209.31445312
2592.13476562
2630.8828125
2619.42773438
2258.64257812
2263.42382812
2437.04296875
3611.0390625
4092.45117188
3983.47851562
3673.59375
2345.10351562
2676.90234375
2677.8984375
2677.59960938
2118.69140625
3092.671875
2921.44335938
2542.92773438
2260.03710938
2706.28710938
2345.80078125
2002.1484375
3667.51757812
3879.78515625
3665.32617188
2693.33789062
2286.43359375
2341.21875
2353.86914062
2633.97070312
3036.69140625
3488.12109375
2372.89453125
2126.4609375
2488.04296875
3869.32617188
2871.24023438
3729.17578125
2405.96484375
2480.77148438
1971.0703125
2875.921875
2989.875
2424.890625
2293.30664062
2960.19140625
2571.41601562
2419.7109375
2729.89453125
2325.08203125
2167.69921875
2735.97070312
2108.63085938
1909.41210938
2496.70898438
3443.49609375
3713.4375
3767.32617188
3624.28710938
4057.98632812
3453.75585938
3481.9453125
2489.93554688
2662.7578125
2450.68945312
2428.97460938
2686.16601562
2452.28320312
2540.73632812
3238.30078125
2642.73632812
3790.63476562
4198.83398438
3991.74609375
2265.01757812
2551.79296875
2335.640625
2202.06445312
2361.5390625
2310.140625
3189.890625
3661.14257812
4027.60546875
3695.40820312
3775.49414062
3726.68554688
4371.55664062
3861.85546875
3792.42773438
2475.29296875
2358.25195312
3193.27734375
3736.546875
4751.26757812
2751.31054688
2712.66210938
2499.69726562
2716.74609375
2494.51757812
2827.01367188
2358.45117188
3637.53515625
2630.8828125
2371.5
2138.91210938
2853.50976562
2583.26953125
3118.171875
2714.85351562
3875.40234375
3617.51367188
2795.0390625
2137.6171875
2476.2890625
4067.74804688
3938.5546875
3831.7734375
3684.45117188
2717.84179688
2790.75585938
2165.5078125
2779.00195312
3743.22070312
3718.01953125
4020.73242188
4610.71875
2740.55273438
2051.953125
3229.3359375
3168.47460938
2822.53125
3009.49804688
2807.68945312
3609.34570312
2871.140625
2952.78515625
2603.21582031
2303.1328125
2409.41601562
3455.54882812
2669.99414062
2733.77929688
2446.60546875
2789.56054688
2645.02734375
3669.609375
4772.54882812
2740.453125
2493.52148438
3105.91992188
2440.72851562
2383.8515625
2215.7109375
2540.4375
2331.15820312
2180.54882812
1885.40625
2303.73046875
2503.18359375
2071.27734375
2525.296875
3558.24609375
4021.828125
3580.06054688
2459.45507812
2685.36914062
2597.11523438
2546.015625
2683.17773438
2372.49609375
2355.5625
2309.34375
2121.38085938
2752.30664062
3230.23242188
4034.27929688
4313.0859375
3741.82617188
2483.36132812
2779.40039062
2320.46484375
2478.97851562
2551.29492188
2371.69921875
