3892.3359375
3682.85742188
3740.23242188
2747.12695312
2340.12304688
2501.19140625
3145.06640625
3771.2109375
3614.52539062
3882.17578125
3162.0
2574.40429688
2383.35351562
2816.85351562
2211.42773438
2116.59960938
2317.7109375
4094.94140625
2707.68164062
2505.47460938
2906.00390625
4027.8046875
3845.91796875
2688.55664062
2577.39257812
2627.99414062
3852.890625
3333.42773438
2411.24414062
2102.65429688
2167.8984375
4004.6953125
3808.6640625
4532.2265625
3466.20703125
3744.61523438
5020.01367188
3838.1484375
3747.00585938
2214.71484375
2342.91210938
2460.65039062
2529.08203125
2332.15429688
2282.74804688
2186.92382812
2518.125
3167.67773438
3980.98828125
4316.47265625
3001.03125
4545.97265625
2590.04296875
3060.796875
2216.5078125
2090.80078125
2424.59179688
2626.1015625
2946.54492188
3724.79296875
4259.6953125
3799.99804688
3737.44335938
3574.98046875
4464.39257812
2976.52734375
3939.45117188
3801.19335938
3631.359375
2648.71289062
2779.00195312
3220.5703125
3289.99804688
4235.29101562
2091.89648438
2006.73046875
3361.51757812
2671.42382812
2458.06054688
2560.55859375
2445.80859375
3091.17773438
3172.359375
2634.36914062
3796.91015625
3789.9375
2815.65820312
3807.66796875
4149.52734375
4190.16796875
4003.30078125
3520.89257812
2620.22460938
2698.81640625
2382.95507812
2176.06640625
2547.70898438
2607.87304688
3339.50390625
2231.74804688
2719.734375
3253.34179688
3640.5234375
4065.85546875
2390.2265625
1941.08789062
2445.90820312
3316.59375
2218.8984375
2353.76953125
2632.4765625
2206.24804688
3723.99609375
3901.8984375
3742.82226562
3806.17382812
3623.88867188
3757.36523438
2767.04882812
2552.49023438
2690.6484375
2832.39257812
4068.54492188
2451.984375
2246.49023438
2372.296875
2626.40039062
3312.01171875
3778.98046875
3164.88867188
2642.56152344
2635.49414062
2586.0234375
2708.47851562
2240.61328125
2159.79492188
2779.99804688
2639.84765625
2635.96289062
3640.22460938
3982.24804688
3777.08789062
4083.08789062
4121.53710938
3887.953125
4146.73828125
3496.08984375
4190.06835938
3731.56640625
4054.59960938
3886.359375
4080.89648438
3704.33789062
4032.88476562
3516.01171875
3340.69921875
4061.37304688
3864.74414062
2854.60546875
2119.58789062
2961.48632812
3662.33789062
4071.33398438
2701.20703125
2456.46679688
2845.2421875
3445.6875
3637.3359375
3799.00195312
2796.03515625
2127.85546875
3034.59960938
3423.47460938
2949.234375
4088.63085938
3917.33789062
4061.37304688
3648.79101562
3690.52734375
3691.72265625
2859.48632812
3492.20507812
3971.2265625
4579.93945312
3775.39453125
4170.34570312
2295.59765625
4169.6484375
3070.95703125
2255.15625
2437.93945312
2157.73828125
2684.2734375
3446.98242188
3648.69140625
3334.32421875
4100.3203125
4342.66992188
4307.70703125
3867.13476562
3664.52929688
3651.28125
4100.91796875
2876.91796875
3678.47460938
3868.33007812
3628.96875
4111.77539062
3633.3515625
3788.14453125
3198.05859375
3825.09960938
3132.71484375
2538.24609375
2329.36523438
2517.82617188
2198.27929688
3892.23632812
3992.54296875
3825.59765625
3712.8046875
3673.29492188
3606.65625
3645.00585938
3673.79296875
2449.59375
2447.00390625
2370.3046875
2345.10351562
